**** Calibrating ****

Left:
D = [-0.0960522980974124, 0.08615277276473932, 0.000924396152034249, 0.0008963770768325143, 0.0]
K = [1193.7613309605542, 0.0, 1019.4029813653916, 0.0, 1191.5502806673906, 794.7165379923136, 0.0, 0.0, 1.0]
R = [0.999886497342937, 0.009842299816780422, -0.011407084009041734, -0.01008858248759198, 0.9997128042838915, -0.02173774262035158, 0.011189858563171503, 0.02185035663677369, 0.9996986290778747]
P = [1396.4981142260037, 0.0, 1086.8990020751953, 0.0, 0.0, 1396.4981142260037, 779.2962265014648, 0.0, 0.0, 0.0, 1.0, 0.0]

Right:
D = [-0.08995340106759747, 0.07110127880909467, -0.0007641670193151012, 0.001481478351939928, 0.0]
K = [1197.9660641981122, 0.0, 1032.603498948894, 0.0, 1194.0377052148838, 765.7312337158794, 0.0, 0.0, 1.0]
R = [0.9979246133280804, -0.03853548349104283, -0.051589559274262564, 0.039651281661422656, 0.9989974370015409, 0.02078212517907453, 0.050736988249280315, -0.02278458637903619, 0.9984521123453687]
P = [1396.4981142260037, 0.0, 1086.8990020751953, -1541.14779550325, 0.0, 1396.4981142260037, 779.2962265014648, 0.0, 0.0, 0.0, 1.0, 0.0]
self.T = [-1.101289935333281, 0.042527000091072756, 0.056933220844755064]
self.R = [0.9979790607295699, 0.0505703885100346, 0.03847635834209967, -0.048864533958361274, 0.9978334000969239, -0.04405409143364886, -0.04062082798710115, 0.042084931471445895, 0.9982879378599574]
None
# oST version 5.0 parameters


[image]

width
2048

height
1536

[narrow_stereo/left]

camera matrix
1193.761331 0.000000 1019.402981
0.000000 1191.550281 794.716538
0.000000 0.000000 1.000000

distortion
-0.096052 0.086153 0.000924 0.000896 0.000000

rectification
0.999886 0.009842 -0.011407
-0.010089 0.999713 -0.021738
0.011190 0.021850 0.999699

projection
1396.498114 0.000000 1086.899002 0.000000
0.000000 1396.498114 779.296227 0.000000
0.000000 0.000000 1.000000 0.000000
# oST version 5.0 parameters


[image]

width
2048

height
1536

[narrow_stereo/right]

camera matrix
1197.966064 0.000000 1032.603499
0.000000 1194.037705 765.731234
0.000000 0.000000 1.000000

distortion
-0.089953 0.071101 -0.000764 0.001481 0.000000

rectification
0.997925 -0.038535 -0.051590
0.039651 0.998997 0.020782
0.050737 -0.022785 0.998452

projection
1396.498114 0.000000 1086.899002 -1541.147796
0.000000 1396.498114 779.296227 0.000000
0.000000 0.000000 1.000000 0.000000

